Webots Project File version R2025a
perspectives: 000000ff00000000fd00000003000000000000000000000000fc0100000001fb0000001a0044006f00630075006d0065006e0074006100740069006f006e0000000000ffffffff0000000000000000000000010000017c0000023ffc0200000001fb0000001400540065007800740045006400690074006f007200000000160000023f0000003f00ffffff00000003000005fa000000d7fc0100000002fb0000000e0043006f006e0073006f006c00650100000000000007800000000000000000fb0000001a0043006f006e0073006f006c00650041006c006c0041006c006c0100000000000005fa0000006900ffffff000005fa0000023f00000001000000020000000100000008fc00000000
simulationViewPerspectives: 000000ff00000001000000020000012d0000060b0100000002010000000100
sceneTreePerspectives: 000000ff00000001000000030000001c000000c0000000fa0100000002010000000200
maximizedDockId: -1
centralWidgetVisible: 1
orthographicViewHeight: 1
textFiles: -1
consoles: Console:All:All
renderingDevicePerspectives: rosbot:camera depth;0;0.654167;0;0
renderingDevicePerspectives: rosbot:camera rgb;0;0.608236;0.368018;0.0697674
